the value of mu(1,1)
 10.477
the value of sigma(1,1)
 4.3714
the value of mu(1,2)
 3.1621
the value of sigma(1,2)
 0.70917
temp =

   -3.2831
   -4.5493
   -6.0965
   -7.4771
   -8.3387
   -8.5916
   -8.4530
   -8.3397
   -8.6548
   -9.5739
  -10.9527
  -12.4097
  -13.5287
  -14.0713
  -14.0959
  -13.9279
  -13.9922
  -14.5917
  -15.7474
  -17.1890

tol =  2575.3
temp =

   -7.0725
   -8.8018
  -10.7958
  -12.6106
  -13.8963
  -14.5651
  -14.8355
  -15.1252
  -15.8383
  -17.1508
  -18.9190
  -20.7619
  -22.2636
  -23.1859
  -23.5877
  -23.7944
  -24.2311
  -25.2010
  -26.7252
  -28.5334

tol =  7497.6
temp =

   -7.0725
   -8.8018
  -10.7958
  -12.6106
  -13.8963
  -14.5651
  -14.8355
  -15.1252
  -15.8383
  -17.1508
  -18.9190
  -20.7619
  -22.2636
  -23.1859
  -23.5877
  -23.7944
  -24.2311
  -25.2010
  -26.7252
  -28.5334

tol =  7497.6
temp =

   -7.0725
   -8.8018
  -10.7958
  -12.6106
  -13.8963
  -14.5651
  -14.8355
  -15.1252
  -15.8383
  -17.1508
  -18.9190
  -20.7619
  -22.2636
  -23.1859
  -23.5877
  -23.7944
  -24.2311
  -25.2010
  -26.7252
  -28.5334

tol =  7497.6
temp =

   -7.0725
   -8.8018
  -10.7958
  -12.6106
  -13.8963
  -14.5651
  -14.8355
  -15.1252
  -15.8383
  -17.1508
  -18.9190
  -20.7619
  -22.2636
  -23.1859
  -23.5877
  -23.7944
  -24.2311
  -25.2010
  -26.7252
  -28.5334

tol =  7497.6
temp =

   -7.0725
   -8.8018
  -10.7958
  -12.6106
  -13.8963
  -14.5651
  -14.8355
  -15.1252
  -15.8383
  -17.1508
  -18.9190
  -20.7619
  -22.2636
  -23.1859
  -23.5877
  -23.7944
  -24.2311
  -25.2010
  -26.7252
  -28.5334

tol =  7497.6
temp =

   -7.0725
   -8.8018
  -10.7958
  -12.6106
  -13.8963
  -14.5651
  -14.8355
  -15.1252
  -15.8383
  -17.1508
  -18.9190
  -20.7619
  -22.2636
  -23.1859
  -23.5877
  -23.7944
  -24.2311
  -25.2010
  -26.7252
  -28.5334

tol =  7497.6
temp =

   -7.0725
   -8.8018
  -10.7958
  -12.6106
  -13.8963
  -14.5651
  -14.8355
  -15.1252
  -15.8383
  -17.1508
  -18.9190
  -20.7619
  -22.2636
  -23.1859
  -23.5877
  -23.7944
  -24.2311
  -25.2010
  -26.7252
  -28.5334

tol =  7497.6
temp =

   -7.0725
   -8.8018
  -10.7958
  -12.6106
  -13.8963
  -14.5651
  -14.8355
  -15.1252
  -15.8383
  -17.1508
  -18.9190
  -20.7619
  -22.2636
  -23.1859
  -23.5877
  -23.7944
  -24.2311
  -25.2010
  -26.7252
  -28.5334

tol =  7497.6
temp =

   -7.0725
   -8.8018
  -10.7958
  -12.6106
  -13.8963
  -14.5651
  -14.8355
  -15.1252
  -15.8383
  -17.1508
  -18.9190
  -20.7619
  -22.2636
  -23.1859
  -23.5877
  -23.7944
  -24.2311
  -25.2010
  -26.7252
  -28.5334

tol =  7497.6
temp =

   -7.0725
   -8.8018
  -10.7958
  -12.6106
  -13.8963
  -14.5651
  -14.8355
  -15.1252
  -15.8383
  -17.1508
  -18.9190
  -20.7619
  -22.2636
  -23.1859
  -23.5877
  -23.7944
  -24.2311
  -25.2010
  -26.7252
  -28.5334

tol =  7497.6
!! Submission failed: You used an invalid email or your token may have expired. Please make sure you have entered all fields correctly. Try generating a new token if the issue still persists.
